#P (bar)        	T (K)           	n_<tot> (cm-3)  	n_g (cm-3)      	m (g/mol)       	H2O1            	C1O2            	C1O1            	C1H4            	H3N1            	H2              	He              	N2              
1.0000000000e-10	5.0364387643e+02	2.6735278300e+09	1.4381134875e+09	2.9777951528e+01	1.6418891504e-19	2.3567314542e-14	3.8333131142e-01	6.8938049853e-03	4.7292052076e-17	3.3881910046e-04	1.8850734539e-02	7.2398451404e-02
1.2388629240e-10	5.0364387661e+02	3.3126803211e+09	1.7816254796e+09	2.9782857641e+01	1.6306674069e-19	2.7155520306e-14	3.8342531410e-01	6.8285810127e-03	4.6904940779e-17	2.9211099110e-04	1.8853838358e-02	7.2410841594e-02
1.5347813444e-10	5.0364387683e+02	4.1046172621e+09	2.2071897501e+09	2.9787651958e+01	1.6178762038e-19	3.1281475951e-14	3.8352303316e-01	6.7560384045e-03	4.6469758631e-17	2.5165719671e-04	1.8856876069e-02	7.2422976297e-02
1.9013837041e-10	5.0364387711e+02	5.0858673650e+09	2.7344055461e+09	2.9792391162e+01	1.6034832891e-19	3.6023982079e-14	3.8362528149e-01	6.6761568817e-03	4.5985958105e-17	2.1664057024e-04	1.8859874157e-02	7.2434956081e-02
2.3555537753e-10	5.0364387746e+02	6.3016782693e+09	3.3875536479e+09	2.9797053611e+01	1.5875757190e-19	4.1474012513e-14	3.8373171744e-01	6.5893403598e-03	4.5456191582e-17	1.8635709760e-04	1.8862828187e-02	7.2446743424e-02
2.9182082376e-10	5.0364387789e+02	7.8081314232e+09	4.1967146138e+09	2.9801693079e+01	1.5701153650e-19	4.7734565737e-14	3.8384313081e-01	6.4955539111e-03	4.4879778761e-17	1.6018144385e-04	1.8865763069e-02	7.2458424764e-02
3.6152599901e-10	5.0364387842e+02	9.6746957471e+09	5.1991541322e+09	2.9806288619e+01	1.5511919091e-19	5.4924545981e-14	3.8395917689e-01	6.3952160144e-03	4.4259460536e-17	1.3757640168e-04	1.8868674599e-02	7.2469952771e-02
4.4788115623e-10	5.0364387907e+02	1.1987474280e+10	6.4410392821e+09	2.9810894122e+01	1.5307855359e-19	6.3178610780e-14	3.8408060950e-01	6.2883666329e-03	4.3595080583e-17	1.1806644691e-04	1.8871587955e-02	7.2481400262e-02
5.5486335881e-10	5.0364387989e+02	1.4853126911e+10	7.9795647457e+09	2.9815491201e+01	1.5090079592e-19	7.2652294266e-14	3.8420706788e-01	6.1755089931e-03	4.2889987517e-17	1.0124355216e-04	1.8874500395e-02	7.2492705623e-02
6.8739964312e-10	5.0364388090e+02	1.8403855048e+10	9.8855868932e+09	2.9820135239e+01	1.4858694720e-19	8.3521823742e-14	3.8433926792e-01	6.0567993722e-03	4.2144857662e-17	8.6747160633e-05	1.8877438193e-02	7.2503918346e-02
8.5159393183e-10	5.0364388215e+02	2.2803427529e+10	1.2246887054e+10	2.9824810841e+01	1.4615086844e-19	9.5990880626e-14	3.8447683019e-01	5.9328412929e-03	4.1363765280e-17	7.4267944806e-05	1.8880400354e-02	7.2514945835e-02
1.0550081484e-09	5.0364388369e+02	2.8254816633e+10	1.5172214258e+10	2.9829558384e+01	1.4359917219e-19	1.1029105561e-13	3.8462017738e-01	5.8039921874e-03	4.0548877448e-17	6.3533605601e-05	1.8883407882e-02	7.2525761627e-02
1.3070104796e-09	5.0364388561e+02	3.5009546076e+10	1.8796293648e+10	2.9834416081e+01	1.4094049481e-19	1.2668750680e-13	3.8476965142e-01	5.6706834781e-03	3.9702901204e-17	5.4307847873e-05	1.8886481318e-02	7.2536295227e-02
1.6192068245e-09	5.0364388799e+02	4.3379240406e+10	2.3286031199e+10	2.9839378227e+01	1.3819191547e-19	1.4548637375e-13	3.8492485670e-01	5.5336341482e-03	3.8830745274e-17	4.6386973186e-05	1.8889624793e-02	7.2546346569e-02
2.0059753011e-09	5.0364389093e+02	5.3750169585e+10	2.8848200531e+10	2.9844506360e+01	1.3536254538e-19	1.6703591879e-13	3.8508626861e-01	5.3932947412e-03	3.7935226266e-17	3.9591906199e-05	1.8892869695e-02	7.2555755783e-02
2.4851284270e-09	5.0364389458e+02	6.6600921941e+10	3.5738965803e+10	2.9849809817e+01	1.3247244996e-19	1.9174001490e-13	3.8525330545e-01	5.2504826989e-03	3.7021994735e-17	3.3769053827e-05	1.8896229387e-02	7.2564175325e-02
3.0787334695e-09	5.0364389909e+02	8.2524799313e+10	4.4275679278e+10	2.9855375896e+01	1.2953511956e-19	2.2005990567e-13	3.8542599370e-01	5.1057949438e-03	3.6094979575e-17	2.8783743704e-05	1.8899751927e-02	7.2571258818e-02
3.8141287483e-09	5.0364390469e+02	1.0225715300e+11	5.4851496883e+10	2.9861285902e+01	1.2657326742e-19	2.5253128442e-13	3.8560305656e-01	4.9601349324e-03	3.5160501175e-17	2.4520363055e-05	1.8903492383e-02	7.2576483340e-02
4.7251826936e-09	5.0364391162e+02	1.2670981143e+11	6.7953484879e+10	2.9867703200e+01	1.2361290142e-19	2.8977452020e-13	3.8578175553e-01	4.8145199459e-03	3.4225792002e-17	2.0878767494e-05	1.8907557761e-02	7.2579264956e-02
5.8538536482e-09	5.0364392021e+02	1.5701451477e+11	8.4185051537e+10	2.9875015129e+01	1.2067841263e-19	3.3250296669e-13	3.8595662168e-01	4.6699448029e-03	3.3297929571e-17	1.7771826256e-05	1.8912186388e-02	7.2579182994e-02
7.2521222472e-09	5.0364393084e+02	1.9457777274e+11	1.0429373690e+11	2.9883971638e+01	1.1780493163e-19	3.8154244189e-13	3.8611383132e-01	4.5278366896e-03	3.2387443995e-17	1.5125000132e-05	1.8917856520e-02	7.2576276968e-02
8.9843853723e-09	5.0364394402e+02	2.4115416878e+11	1.2920564047e+11	2.9896241637e+01	1.1502912281e-19	4.3782133502e-13	3.8622269591e-01	4.3898791344e-03	3.1506961762e-17	1.2873836279e-05	1.8925621346e-02	7.2572212312e-02
1.1130421933e-08	5.0364396035e+02	2.9894739231e+11	1.6006807236e+11	2.9915299875e+01	1.1239745899e-19	5.0234136912e-13	3.8621575375e-01	4.2585134850e-03	3.0675249978e-17	1.0963436445e-05	1.8937687515e-02	7.2572350636e-02
1.3789067061e-08	5.0364398058e+02	3.7075862918e+11	1.9830239220e+11	2.9947916146e+01	1.0995194305e-19	5.7605387909e-13	3.8596283234e-01	4.1368092817e-03	2.9916287639e-17	9.3463984840e-06	1.8958333634e-02	7.2589115259e-02
1.7082763938e-08	5.0364400564e+02	4.6018115031e+11	2.4566946921e+11	3.0004124256e+01	1.0774377506e-19	6.5976859341e-13	3.8526805969e-01	4.0287779806e-03	2.9262104971e-17	7.9821954281e-06	1.8993918706e-02	7.2641874636e-02
2.1163202882e-08	5.0364403669e+02	5.7174670076e+11	3.0435077820e+11	3.0090719300e+01	1.0583135977e-19	7.5446927057e-13	3.8400356492e-01	3.9373256929e-03	2.8736959677e-17	6.8338686033e-06	1.9048737343e-02	7.2740934186e-02
2.6218307404e-08	5.0364407515e+02	7.1082063427e+11	3.7704886621e+11	3.0197131205e+01	1.0431769233e-19	8.6268349785e-13	3.8238677606e-01	3.8616510939e-03	2.8336806353e-17	5.8663447160e-06	1.9116098329e-02	7.2853505545e-02
3.2480888972e-08	5.0364412280e+02	8.8350192119e+11	4.6711181668e+11	3.0296325984e+01	1.0334919747e-19	9.8948707571e-13	3.8096054017e-01	3.7979317578e-03	2.8033830645e-17	5.0481798778e-06	1.9178895589e-02	7.2906504955e-02
4.0239369086e-08	5.0364418183e+02	1.0972146912e+12	5.7868744322e+11	3.0370425638e+01	1.0305165326e-19	1.1410664362e-12	3.8008627579e-01	3.7444814945e-03	2.7816821938e-17	4.3549541207e-06	1.9225804199e-02	7.2849205608e-02
4.9851062446e-08	5.0364425496e+02	1.3615961614e+12	7.1691431390e+11	3.0421762224e+01	1.0350680506e-19	1.3232332942e-12	3.7972206139e-01	3.7035580771e-03	2.7706655160e-17	3.7683833829e-06	1.9258299726e-02	7.2680599107e-02
6.1758632986e-08	5.0364434555e+02	1.6889766024e+12	8.8815840340e+11	3.0460464532e+01	1.0477120491e-19	1.5419840579e-12	3.7966913641e-01	3.6781800768e-03	2.7731813041e-17	3.2728294651e-06	1.9282802090e-02	7.2419793850e-02
7.6510480643e-08	5.0364445779e+02	2.0947535552e+12	1.1003062714e+12	3.0494579262e+01	1.0688744654e-19	1.8045457845e-12	3.7977117652e-01	3.6698142151e-03	2.7909678745e-17	2.8538813163e-06	1.9304395715e-02	7.2082298530e-02
9.4785997765e-08	5.0364459684e+02	2.5979921090e+12	1.3631282683e+12	3.0528426539e+01	1.0989982261e-19	2.1200233916e-12	3.7994082415e-01	3.6785716690e-03	2.8247957807e-17	2.4987699572e-06	1.9325824918e-02	7.1676749308e-02
1.1742685835e-07	5.0364476910e+02	3.2223086962e+12	1.6887284947e+12	3.0564032004e+01	1.1384468183e-19	2.4996910534e-12	3.8013597896e-01	3.7033983996e-03	2.8745601339e-17	2.1964329964e-06	1.9348366727e-02	7.1208027564e-02
1.4547578108e-07	5.0364498251e+02	3.9969795143e+12	2.0921022343e+12	3.0602180021e+01	1.1875768893e-19	2.9573853132e-12	3.8033596890e-01	3.7426501922e-03	2.9397266284e-17	1.9376353742e-06	1.9372517636e-02	7.0679852081e-02
1.8022455153e-07	5.0364524689e+02	4.9583226238e+12	2.5918265307e+12	3.0643065411e+01	1.2467497124e-19	3.5099802923e-12	3.8052961288e-01	3.7943432704e-03	3.0195050744e-17	1.7147931115e-06	1.9398401257e-02	7.0095986199e-02
2.2327351488e-07	5.0364557442e+02	6.1514104058e+12	3.2109157062e+12	3.0686624827e+01	1.3163494177e-19	4.1780064120e-12	3.8070993004e-01	3.8563298205e-03	3.1129644727e-17	1.5217464165e-06	1.9425972317e-02	6.9460592642e-02
2.7660527949e-07	5.0364598019e+02	7.6321592306e+12	3.9778812157e+12	3.0732575829e+01	1.3968461103e-19	4.9864672734e-12	3.8087022025e-01	3.9265145958e-03	3.2192108589e-17	1.3535530920e-06	1.9455064012e-02	6.8778356105e-02
3.4267602534e-07	5.0364648287e+02	9.4699450338e+12	4.9280446355e+12	3.0780550344e+01	1.4887789334e-19	5.9657768021e-12	3.8100392551e-01	4.0028578667e-03	3.3373617817e-17	1.2062331247e-06	1.9485459269e-02	6.8054281295e-02
4.2452862274e-07	5.0364710563e+02	1.1750958546e+13	6.1051642377e+12	3.0830426323e+01	1.5926944425e-19	7.1528953015e-12	3.8110867432e-01	4.0833006582e-03	3.4664156625e-17	1.0765468512e-06	1.9517035900e-02	6.7293227615e-02
5.2593277089e-07	5.0364787714e+02	1.4582079746e+13	7.5634500329e+12	3.0881831040e+01	1.7093136020e-19	8.5928896058e-12	3.8117872029e-01	4.1661090623e-03	3.6056228063e-17	9.6191871239e-07	1.9549565135e-02	6.6500308942e-02
6.5155861036e-07	5.0364883293e+02	1.8095980757e+13	9.3700600414e+12	3.0934493560e+01	1.8394281736e-19	1.0340596565e-11	3.8120972473e-01	4.2496768444e-03	3.7542492103e-17	8.6024195675e-07	1.9582861338e-02	6.5680374881e-02
8.0719180519e-07	5.0365001702e+02	2.2456878879e+13	1.1608192690e+13	3.0987617485e+01	1.9841083548e-19	1.2463034668e-11	3.8119201710e-01	4.3328226206e-03	3.9119760183e-17	7.6983052580e-07	1.9616522267e-02	6.4838960614e-02
1.0000000000e-06	5.0365148392e+02	2.7869172565e+13	1.4380917653e+13	3.1041370668e+01	2.1442232586e-19	1.5041246901e-11	3.8112553575e-01	4.4141068347e-03	4.0779559701e-17	6.8921066396e-07	1.9650553090e-02	6.3979631195e-02
1.2388629240e-06	5.0365330120e+02	3.4585969610e+13	1.7815921410e+13	3.1095326450e+01	2.3209884319e-19	1.8174348313e-11	3.8100531928e-01	4.4925972103e-03	4.2518547226e-17	6.1720312677e-07	1.9684715289e-02	6.3106758410e-02
1.5347813444e-06	5.0365555253e+02	4.2921364923e+13	2.2071385832e+13	3.1149237970e+01	2.5157018167e-19	2.1982910943e-11	3.8082836187e-01	4.5674703373e-03	4.4333230545e-17	5.5279973610e-07	1.9718851400e-02	6.2224057519e-02
1.9013837041e-06	5.0365834157e+02	5.3264964624e+13	2.7343270173e+13	3.1202885098e+01	2.7298143634e-19	2.6613774464e-11	3.8059243340e-01	4.6380809656e-03	4.6221053805e-17	4.9514068605e-07	1.9752821112e-02	6.1334888361e-02
2.3555537753e-06	5.0366179674e+02	6.6100010819e+13	3.3874331255e+13	3.1256073651e+01	2.9649483391e-19	3.2245802429e-11	3.8029615317e-01	4.7039495319e-03	4.8180426416e-17	4.4348558037e-07	1.9786500883e-02	6.0442281563e-02
2.9182082376e-06	5.0366607712e+02	8.2025850896e+13	4.1965296423e+13	3.1308634543e+01	3.2229203463e-19	3.9096926304e-11	3.7993905633e-01	4.7647481926e-03	5.0210771528e-17	3.9719118371e-07	1.9819783291e-02	5.9548981640e-02
3.6152599901e-06	5.0367137977e+02	1.0178579005e+14	5.1988702491e+13	3.1360422521e+01	3.5057702846e-19	4.7432775147e-11	3.7952162955e-01	4.8202862802e-03	5.2312604212e-17	3.5569428820e-07	1.9852576160e-02	5.8657505096e-02
4.4788115623e-06	5.0367794878e+02	1.2630162053e+14	6.4406035982e+13	3.1411316209e+01	3.8157974287e-19	5.7577254158e-11	3.7904529442e-01	4.8704959290e-03	5.4487647850e-17	3.1849844208e-07	1.9884802476e-02	5.7770211861e-02
5.5486335881e-06	5.0368608651e+02	1.5671759688e+14	7.9788960941e+13	3.1461434872e+01	4.1555018296e-19	6.9925079430e-11	3.7851413696e-01	4.9153602039e-03	5.6737501094e-17	2.8515964235e-07	1.9916496469e-02	5.6888746124e-02
6.8739964312e-06	5.0369616747e+02	1.9444951470e+14	9.8845607121e+13	3.1510338936e+01	4.5280256519e-19	8.4958988820e-11	3.7792709213e-01	4.9551325797e-03	5.9069658535e-17	2.5529409633e-07	1.9947457453e-02	5.6016625711e-02
8.5159393183e-06	5.0370865552e+02	2.4125685833e+14	1.2245312190e+14	3.1558285903e+01	4.9366566800e-19	1.0326632026e-10	3.7728718511e-01	4.9900022286e-03	6.1489712151e-17	2.2854809273e-07	1.9977813143e-02	5.5155903733e-02
1.0550081484e-05	5.0372412514e+02	2.9932462233e+14	1.5169797379e+14	3.1605755674e+01	5.3852212631e-19	1.2556107970e-10	3.7659178469e-01	5.0203371897e-03	6.4007453411e-17	2.0460888127e-07	2.0007849285e-02	5.4309801220e-02
1.3070104796e-05	5.0374328780e+02	3.7137306884e+14	1.8792584630e+14	3.1653914170e+01	5.8780339167e-19	1.5269853757e-10	3.7581859816e-01	5.0467470888e-03	6.6639040163e-17	1.8319950547e-07	2.0038338383e-02	5.3483706546e-02
1.6192068245e-05	5.0376702454e+02	4.6082646591e+14	2.3280339359e+14	3.1706744611e+01	6.4196211992e-19	1.8566558509e-10	3.7489947202e-01	5.0703789809e-03	6.9412698757e-17	1.6407712460e-07	2.0071786091e-02	5.2687886302e-02
2.0059753011e-05	5.0379642621e+02	5.7210323085e+14	2.8839466114e+14	3.1775380669e+01	7.0138189857e-19	2.2545996379e-10	3.7362756563e-01	5.0938019106e-03	7.2388633594e-17	1.4704134465e-07	2.0115241310e-02	5.1946413202e-02
2.4851284270e-05	5.0383284335e+02	7.1126203865e+14	3.5725562878e+14	3.1889975206e+01	7.6607238607e-19	2.7261401432e-10	3.7143160553e-01	5.1232332243e-03	7.5709370702e-17	1.3195290850e-07	2.0187794009e-02	5.1318679160e-02
3.0787334695e-05	5.0387794771e+02	8.8754075057e+14	4.4255113462e+14	3.2123922006e+01	8.3486408584e-19	3.2578873791e-10	3.6691062352e-01	5.1730971699e-03	7.9711761942e-17	1.1876562341e-07	2.0335905160e-02	5.0942876966e-02
3.8141287483e-05	5.0393380819e+02	1.1162665615e+15	5.4819941864e+14	3.2616177406e+01	9.0398589977e-19	3.7915679065e-10	3.5740792677e-01	5.2701757751e-03	8.5064568980e-17	1.0752326167e-07	2.0647519038e-02	5.1073903329e-02
4.7251826936e-05	5.0400298462e+02	1.4208936765e+15	6.7905071947e+14	3.3516833490e+01	9.6675372087e-19	4.2187162958e-10	3.4005710574e-01	5.4438120597e-03	9.2648705187e-17	9.8201722316e-08	2.1217640942e-02	5.1987729241e-02
5.8538536482e-05	5.0408864328e+02	1.8294310464e+15	8.4110780801e+14	3.4839180421e+01	1.0168477099e-18	4.4488577963e-10	3.1463249205e-01	5.6985002775e-03	1.0297888395e-16	9.0478393882e-08	2.2054729899e-02	5.3721585387e-02
7.2521222472e-05	5.0419469906e+02	2.3695674007e+15	1.0417980933e+15	3.6432504398e+01	1.0520816674e-18	4.4758414278e-10	2.8407544210e-01	6.0085455557e-03	1.1593669419e-16	8.3845308515e-08	2.3063368721e-02	5.6029561015e-02
8.9843853723e-05	5.0432599022e+02	3.0700998136e+15	1.2903090386e+15	3.8112031776e+01	1.0739325864e-18	4.3511891495e-10	2.5197345108e-01	6.3410900951e-03	1.3113465001e-16	7.7897872048e-08	2.4126537543e-02	5.8601650767e-02
1.1130421933e-04	5.0448849277e+02	3.9650630216e+15	1.5980011248e+15	3.9744445411e+01	1.0854300629e-18	4.1341587487e-10	2.2088390410e-01	6.6717070234e-03	1.4826158301e-16	7.2420038490e-08	2.5159950602e-02	6.1208197876e-02
1.3789067061e-04	5.0468958269e+02	5.0970653959e+15	1.9789155471e+15	4.1256869549e+01	1.0899593613e-18	3.8711653349e-10	1.9221297070e-01	6.9864608226e-03	1.6719511128e-16	6.7328181625e-08	2.6117353059e-02	6.3715977839e-02
1.7082763938e-04	5.0493835587e+02	6.5193941531e+15	2.4503972435e+15	4.2616143082e+01	1.0907400918e-18	3.5937576938e-10	1.6656767717e-01	7.2784090685e-03	1.8798576659e-16	6.2602087519e-08	2.6977854855e-02	6.6055494192e-02
2.1163202882e-04	5.0524601702e+02	8.2986863363e+15	3.0338577512e+15	4.3814454231e+01	1.0908061394e-18	3.3222125495e-10	1.4409003274e-01	7.5452110123e-03	2.1085513461e-16	5.8248461538e-08	2.7736402983e-02	6.8197764119e-02
2.6218307404e-04	5.0562634992e+02	1.0517384160e+16	3.7557067099e+15	4.4855872263e+01	1.0930450756e-18	3.0690040834e-10	1.2466891544e-01	7.7868049192e-03	2.3618863662e-16	5.4281142699e-08	2.8395661769e-02	7.0133993854e-02
3.2480888972e-04	5.0609628295e+02	1.3277414301e+16	4.6484854579e+15	4.5751494616e+01	1.1003894486e-18	2.8416478893e-10	1.0807160049e-01	8.0045576154e-03	2.6456884885e-16	5.0715293044e-08	2.8962643385e-02	7.1867251217e-02
4.0239369086e-04	5.0667656405e+02	1.6704312168e+16	5.7522408684e+15	4.6515181823e+01	1.1160297632e-18	2.6445966506e-10	9.4016645085e-02	8.2004884177e-03	2.9682410406e-16	4.7565446808e-08	2.9446091025e-02	7.3405552595e-02
4.9851062446e-04	5.0739255835e+02	2.0952003615e+16	7.1161819294e+15	4.7160853532e+01	1.1437391365e-18	2.4805924667e-10	8.2214787923e-02	8.3768610399e-03	3.3411698006e-16	4.4846887827e-08	2.9854847074e-02	7.4758610807e-02
6.1758632986e-04	5.0827517983e+02	2.6208604711e+16	8.8006649857e+15	4.7701459773e+01	1.1882991134e-18	2.3515960256e-10	7.2391273683e-02	8.5359066569e-03	3.7807361737e-16	4.2577854429e-08	3.0197192501e-02	7.5934814105e-02
7.6510480643e-04	5.0936196194e+02	3.2703996780e+16	1.0879555147e+16	4.8149695731e+01	1.2565123273e-18	2.2601059135e-10	6.4302731048e-02	8.6806416895e-03	4.3108559982e-16	4.0787268588e-08	3.0480984471e-02	7.6951192071e-02
9.4785997765e-04	5.1069826304e+02	4.0717928063e+16	1.3443010028e+16	4.8516895366e+01	1.3576172123e-18	2.2086873228e-10	5.7732625467e-02	8.8127855395e-03	4.9644734692e-16	3.9509912570e-08	3.0713368747e-02	7.7806430314e-02
1.1742685835e-03	5.1233858621e+02	5.0587004541e+16	1.6600726466e+16	4.8810771372e+01	1.5059090425e-18	2.2018657572e-10	5.2501733431e-02	8.9345092687e-03	5.7909434252e-16	3.8803700035e-08	3.0899364332e-02	7.8506386496e-02
1.4547578108e-03	5.1434796969e+02	6.2716292708e+16	2.0485680031e+16	4.9038115209e+01	1.7239389895e-18	2.2469788158e-10	4.8470045086e-02	9.0480316602e-03	6.8644601606e-16	3.8756463372e-08	3.1043254268e-02	7.9055908832e-02
1.8022455152e-03	5.1680337155e+02	7.7588726084e+16	2.5258370685e+16	4.9203613358e+01	2.0486499089e-18	2.3556990434e-10	4.5537853364e-02	9.1552847418e-03	8.2987507249e-16	3.9500904103e-08	3.1148010814e-02	7.9455672179e-02
2.2327351488e-03	5.1979493011e+02	9.5774300996e+16	3.1111567112e+16	4.9309523873e+01	2.5435501572e-18	2.5471550869e-10	4.3653510786e-02	9.2580805935e-03	1.0273347727e-15	4.1240756701e-08	3.1215042420e-02	7.9705226489e-02
2.7660527949e-03	5.2342693288e+02	1.1793653208e+17	3.8275521531e+16	4.9354974563e+01	3.3224969288e-18	2.8526447211e-10	4.2821626316e-02	9.3575087521e-03	1.3078164846e-15	4.4289275781e-08	3.1243810306e-02	7.9796706335e-02
3.4267602534e-03	5.2781827608e+02	1.4483301842e+17	4.7023615146e+16	4.9335015174e+01	4.6004827011e-18	3.3251177115e-10	4.3122784074e-02	9.4537694026e-03	1.7195564857e-15	4.9136778092e-08	3.1231177111e-02	7.9715575660e-02
4.2452862274e-03	5.3310215727e+02	1.7730391418e+17	5.7678406583e+16	4.9238948813e+01	6.8055115155e-18	4.0564626846e-10	4.4741813307e-02	9.5454099322e-03	2.3450576664e-15	5.6562487965e-08	3.1170375014e-02	7.9435525402e-02
5.2593277089e-03	5.3942473153e+02	2.1623839000e+17	7.0618110930e+16	4.9047904890e+01	1.0840080461e-17	5.2114917353e-10	4.8014673215e-02	9.6285373791e-03	3.3295423147e-15	6.7829271059e-08	3.1049451038e-02	7.8915789895e-02
6.5155861036e-03	5.4694249713e+02	2.6250061890e+17	8.6283655578e+16	4.8731030209e+01	1.8723553638e-17	7.0952626334e-10	5.3500018934e-02	9.6954634166e-03	4.9354289937e-15	8.5023195568e-08	3.0848892372e-02	7.8095191289e-02
8.0719180519e-03	5.5581827887e+02	3.1678259671e+17	1.0518665305e+17	4.8239704105e+01	3.5259960610e-17	1.0292117871e-09	6.2093881556e-02	9.7332990431e-03	7.6485876653e-15	1.1165893473e-07	3.0537951917e-02	7.6891161512e-02
1.0000000000e-02	5.6621584782e+02	3.7934744700e+17	1.2791889425e+17	4.7501306804e+01	7.2573758485e-17	1.5954314496e-09	7.5201440092e-02	9.7216391375e-03	1.2384090155e-14	1.5374878682e-07	3.0070414090e-02	7.5192115904e-02
1.2388629240e-02	5.7829343552e+02	4.4949123268e+17	1.5516426576e+17	4.6401557384e+01	1.6301512030e-16	2.6406815319e-09	9.4974410663e-02	9.6302042024e-03	2.0884659312e-14	2.2171273213e-07	2.9374128909e-02	7.2865986548e-02
1.5347813444e-02	5.9219661660e+02	5.2476737290e+17	1.8771427791e+17	4.4778822461e+01	3.9657169415e-16	4.6332565501e-09	1.2455287666e-01	9.4136524306e-03	3.6431648531e-14	3.3356086909e-07	2.8346858241e-02	6.9727280930e-02
1.9013837041e-02	6.0805117395e+02	5.9990121733e+17	2.2648860323e+17	4.2426450710e+01	1.0294402766e-15	8.4782219118e-09	1.6802038725e-01	9.0144193852e-03	6.5047282342e-14	5.2016698612e-07	2.6857743232e-02	6.5587699075e-02
2.3555537753e-02	6.2595655858e+02	6.6668490533e+17	2.7256215003e+17	3.9179450394e+01	2.7800450520e-15	1.5643779777e-08	2.2876355650e-01	8.3830025744e-03	1.1739811012e-13	8.3369648324e-07	2.4802236888e-02	6.0394557395e-02
2.9182082376e-02	6.4598038277e+02	7.2143055515e+17	3.2720028020e+17	3.5317053095e+01	7.4910637647e-15	2.6979773439e-08	3.0163656256e-01	7.5750398279e-03	2.1418816473e-13	1.3672054638e-06	2.2357257629e-02	5.4843850563e-02
3.6152599901e-02	6.6815407238e+02	7.9437260030e+17	3.9190394250e+17	3.2467461077e+01	1.9052180850e-14	3.7342899113e-08	3.5521026671e-01	6.9732859675e-03	4.1869647363e-13	2.3380377469e-06	2.0553375878e-02	5.1749019752e-02
4.4788115623e-02	6.9246943641e+02	9.2588263796e+17	4.6846688658e+17	3.1657796878e+01	4.5836034823e-14	4.0688944135e-08	3.6912876862e-01	6.8159672558e-03	9.1469824298e-13	4.2228178908e-06	2.0040817202e-02	5.2703058950e-02
5.5486335881e-02	7.1887559534e+02	1.0972273474e+18	5.5904790403e+17	3.1437734272e+01	1.0956992408e-13	4.1863019236e-08	3.7111616522e-01	6.7182410398e-03	2.0656936644e-12	7.7596718852e-06	1.9901505784e-02	5.4993996656e-02
6.8739964312e-02	7.4727552883e+02	1.3004003671e+18	6.6626232973e+17	3.1263347923e+01	2.6196456986e-13	4.3182716357e-08	3.7165232379e-01	6.5247364116e-03	4.6394304343e-12	1.4203949246e-05	1.9791113264e-02	5.7496920932e-02
8.5159393183e-02	7.7752150067e+02	1.5397113945e+18	7.9329892929e+17	3.1088950595e+01	6.2213375707e-13	4.5041455989e-08	3.7174746352e-01	6.2259509675e-03	1.0229958154e-11	2.5649472252e-05	1.9680702089e-02	5.9955803713e-02
1.0550081484e-01	8.0940879669e+02	1.8224481149e+18	9.4407090022e+17	3.0921036101e+01	1.4580227994e-12	4.7655611478e-08	3.7151804500e-01	5.8478419490e-03	2.1974163140e-11	4.5382328121e-05	1.9574384199e-02	6.2196764552e-02
1.3070104796e-01	8.4266756026e+02	2.1579368708e+18	1.1234131720e+18	3.0768235798e+01	3.3547251938e-12	5.1261029838e-08	3.7107462439e-01	5.4339471406e-03	4.5765655858e-11	7.8295901635e-05	1.9477638645e-02	6.4072810132e-02
1.6192068245e-01	8.7695303787e+02	2.5571745065e+18	1.3373426834e+18	3.0628183060e+01	7.5446072949e-12	5.6164863834e-08	3.7068581754e-01	5.0288269306e-03	9.2141776179e-11	1.3122624606e-04	1.9389006824e-02	6.5473800278e-02
2.0059753011e-01	9.1183529459e+02	3.0290762205e+18	1.5934039895e+18	3.0450041345e+01	1.6501248308e-11	6.2991499138e-08	3.7149216314e-01	4.6520090118e-03	1.7828328604e-10	2.1253923854e-04	1.9276237137e-02	6.6257951700e-02
2.4851284270e-01	9.4679050279e+02	3.5820037935e+18	1.9011293282e+18	3.0179893817e+01	3.4805464264e-11	7.2533078022e-08	3.7460368757e-01	4.3027006372e-03	3.2871839144e-10	3.3029488281e-04	1.9105188790e-02	6.6349920277e-02
3.0787334695e-01	9.8119731920e+02	4.2556077532e+18	2.2726494774e+18	2.9993867767e+01	6.9881489395e-11	8.3932487821e-08	3.7647302040e-01	4.0289338615e-03	5.8109206911e-10	4.9246010766e-04	1.8987427458e-02	6.6255012797e-02
3.8141287483e-01	1.0143436415e+03	5.0863451065e+18	2.7234973374e+18	2.9914529457e+01	1.3208275870e-10	9.7011541530e-08	3.7657554338e-01	3.8251257619e-03	9.8009267382e-10	7.0059198188e-04	1.8937198820e-02	6.6136898252e-02
4.7251826936e-01	1.0454509269e+03	6.1053753183e+18	3.2736456634e+18	2.9873352927e+01	2.3281851879e-10	1.1237377579e-07	3.7622248671e-01	3.6606963472e-03	1.5591933124e-09	9.4286622290e-04	1.8911127820e-02	6.5936263034e-02
5.8538536482e-01	1.0737244901e+03	7.3581335804e+18	3.9488052821e+18	2.9847308833e+01	3.8017618896e-10	1.3044175849e-07	3.7584151249e-01	3.5243634459e-03	2.3256801577e-09	1.1943408843e-03	1.8894635271e-02	6.5676148762e-02
7.2521222472e-01	1.0984370804e+03	8.9056349849e+18	4.7819678116e+18	2.9830564912e+01	5.7369584435e-10	1.5164033121e-07	3.7552537421e-01	3.4163340935e-03	3.2483913682e-09	1.4217026419e-03	1.8884036241e-02	6.5396035927e-02
8.9843853723e-01	1.1190466724e+03	1.0826364294e+19	5.8150960065e+18	2.9821464788e+01	8.0149308191e-10	1.7651263022e-07	3.7528836510e-01	3.3409139920e-03	4.2589800582e-09	1.5928010894e-03	1.8878273983e-02	6.5124625090e-02
1.1130421933e+00	1.1353343207e+03	1.3218993296e+19	7.1007558234e+18	2.9819273173e+01	1.0429312628e-09	2.0575322462e-07	3.7512237344e-01	3.3017934368e-03	5.2713081364e-09	1.6873696924e-03	1.8876889835e-02	6.4876110522e-02
1.3789067061e+00	1.1475234448e+03	1.6204819493e+19	8.7034218448e+18	2.9823417858e+01	1.2768470450e-09	2.4020404459e-07	3.7501360197e-01	3.2988495705e-03	6.2121390420e-09	1.7035058313e-03	1.8879513515e-02	6.4651329054e-02
1.7082763938e+00	1.1563175804e+03	1.9929316063e+19	1.0700343714e+19	2.9833069518e+01	1.4916543624e-09	2.8085773832e-07	3.7494378831e-01	3.3277420229e-03	7.0510880658e-09	1.6569446932e-03	1.8885626497e-02	6.4440862814e-02
2.1163202882e+00	1.1627963524e+03	2.4563799997e+19	1.3182398980e+19	2.9847252686e+01	1.6910258545e-09	3.2885965223e-07	3.7489200042e-01	3.3808376363e-03	7.8129210350e-09	1.5732776823e-03	1.8894603477e-02	6.4230401542e-02
2.6218307404e+00	1.1681705639e+03	3.0309087014e+19	1.6256053129e+19	2.9864895779e+01	1.8922436993e-09	3.8552396594e-07	3.7483315954e-01	3.4494933250e-03	8.5669378158e-09	1.4778711657e-03	1.8905771930e-02	6.4007205391e-02
3.2480888972e+00	1.1735022134e+03	3.7403570274e+19	2.0047522576e+19	2.9885161447e+01	2.1195346900e-09	4.5233950305e-07	3.7474207410e-01	3.5258081128e-03	9.4013503302e-09	1.3887409375e-03	1.8918600900e-02	6.3764718369e-02
4.0239369086e+00	1.1795462531e+03	4.6134958849e+19	2.4708871154e+19	2.9907525889e+01	2.3988114174e-09	5.3098957724e-07	3.7459678816e-01	3.6036723754e-03	1.0403936034e-08	1.3152520916e-03	1.8932757956e-02	6.3503058844e-02
4.9851062446e+00	1.1867805393e+03	5.6852174714e+19	3.0424308752e+19	2.9931577261e+01	2.7575804885e-09	6.2338307708e-07	3.7438277210e-01	3.6785373741e-03	1.1660636640e-08	1.2608721213e-03	1.8947981640e-02	6.3226416580e-02
6.1758632986e+00	1.1955395013e+03	6.9974214775e+19	3.7415405959e+19	2.9956485462e+01	3.2296358604e-09	7.3169885351e-07	3.7409776728e-01	3.7464986296e-03	1.3269257818e-08	1.2266381096e-03	1.8963755758e-02	6.2939963533e-02
7.6510480643e+00	1.2061276334e+03	8.5996872384e+19	4.5945647882e+19	2.9980683371e+01	3.8620935669e-09	8.5843115677e-07	3.7376020845e-01	3.8032151314e-03	1.5357547194e-08	1.2132765934e-03	1.8979069194e-02	6.2647544576e-02
9.4785997765e+00	1.2188696245e+03	1.0549767409e+20	5.6325317601e+19	3.0001468205e+01	4.7252873826e-09	1.0064907594e-06	3.7340559211e-01	3.8440620861e-03	1.8105808134e-08	1.2222239274e-03	1.8992229738e-02	6.2350756529e-02
1.1742685835e+01	1.2341207466e+03	1.2914360447e+20	6.8917022514e+19	3.0015782752e+01	5.9261564991e-09	1.1792571295e-06	3.7308184543e-01	3.8639953233e-03	2.1771940105e-08	1.2559097772e-03	1.9001291762e-02	6.2048862877e-02
1.4547578108e+01	1.2522634310e+03	1.5770028182e+20	8.4141784157e+19	3.0020920568e+01	7.6303219994e-09	1.3806384845e-06	3.7283066893e-01	3.8582938915e-03	2.6730975798e-08	1.3181091441e-03	1.9004541117e-02	6.1739669061e-02
1.8022455153e+01	1.2736992731e+03	1.9204560549e+20	1.0248581754e+20	3.0015382709e+01	1.0097624273e-08	1.6150900871e-06	3.7267180377e-01	3.8231095819e-03	3.3532551306e-08	1.4142841434e-03	1.9001039133e-02	6.1420306514e-02
2.2327351488e+01	1.2988383432e+03	2.3319021897e+20	1.2450844971e+20	2.9999552918e+01	1.3739296621e-08	1.8875993487e-06	3.7259609895e-01	3.7557411460e-03	4.2983079915e-08	1.5519363715e-03	1.8991017682e-02	6.1087438767e-02
2.7660527949e+01	1.3280867513e+03	2.8230219126e+20	1.5085188389e+20	2.9975522147e+01	1.9211228566e-08	2.2037337987e-06	3.7256499604e-01	3.6550203343e-03	5.6265806766e-08	1.7410664237e-03	1.8975800839e-02	6.0736991186e-02
3.4267602534e+01	1.3618337913e+03	3.4073515722e+20	1.8225369086e+20	2.9946349534e+01	2.7561996681e-08	2.5697966937e-06	3.7252571207e-01	3.5212203129e-03	7.5102288335e-08	1.9945172017e-03	1.8957337109e-02	6.0363026567e-02
4.2452862274e+01	1.4004402986e+03	4.1005739635e+20	2.1956296893e+20	2.9914988660e+01	4.0460078504e-08	2.9931269145e-06	3.7243765318e-01	3.3555537615e-03	1.0194883009e-07	2.3279711266e-03	1.8937485939e-02	5.9956359839e-02
5.2593277089e+01	1.4442298272e+03	4.9207928228e+20	2.6376103589e+20	2.9883238330e+01	6.0532001657e-08	3.4825153758e-06	3.7228869420e-01	3.1600040247e-03	1.4021502281e-07	2.7595050326e-03	1.8917377293e-02	5.9504733789e-02
6.5155861036e+01	1.4934838493e+03	5.8888882805e+20	3.1598733435e+20	2.9851549122e+01	9.1838872162e-08	4.0485220519e-06	3.7209267386e-01	2.9375094294e-03	1.9446287347e-07	3.3084260603e-03	1.8897318726e-02	5.8995262943e-02
8.0719180519e+01	1.5484414840e+03	7.0291219364e+20	3.7757102907e+20	2.9819864963e+01	1.4048278672e-07	4.7034619692e-06	3.7187989482e-01	2.6920131778e-03	2.7047832114e-07	3.9928158428e-03	1.8877264673e-02	5.8417753977e-02
1.0000000000e+02	1.6093034832e+03	8.3698380022e+20	4.5006865341e+20	2.9788011716e+01	2.1533265995e-07	5.4615938437e-06	3.7168099114e-01	2.4291726574e-03	3.7516939221e-07	4.8264958781e-03	1.8857096340e-02	5.7767504911e-02
